dis and n are bytes. Each entry is ns/call over 20 timed samples after 3 warmup samples. Speedup uses min naive / min cyccpy.
Each timed sample runs many calls over independent buffers; buffer reset and checksums are outside the timed region.

   dis         n |                            naive ns/call, GB/s |                           cyccpy ns/call, GB/s |  speedup
                 |          min         avg         max      GB/s |          min         avg         max      GB/s |      min
-----------------+------------------------------------------------+------------------------------------------------+---------
     3        16 |        10.99       11.05       11.13      1.46 |        10.65       10.69       10.80      1.50 |    1.032
     3      1024 |       867.91      870.61      873.57      1.18 |        88.05      104.24      115.05     11.63 |    9.857
     3   1048576 |   1009201.62  1042924.78  1079809.31      1.04 |     49598.31    63195.15    96706.81     21.14 |   20.347
     8        16 |        10.84       10.99       11.08      1.48 |        10.57       10.59       10.70      1.51 |    1.025
     8      1024 |       434.84      436.02      437.51      2.35 |        68.01       76.07       91.22     15.06 |    6.394
     8   1048576 |    435787.19   447425.72   456889.31      2.41 |     49646.19    56320.92    68440.19     21.12 |    8.778
    11        16 |        10.94       11.00       11.21      1.46 |        10.57       10.63       11.33      1.51 |    1.035
    11      1024 |       391.08      393.58      394.79      2.62 |       100.70      105.60      116.37     10.17 |    3.883
    11   1048576 |    407372.38   412203.06   418014.06      2.57 |     57298.19    60907.77    71157.38     18.30 |    7.110
    16        16 |        10.93       11.01       11.19      1.46 |        10.57       10.63       11.63      1.51 |    1.035
    16      1024 |       354.41      363.29      441.16      2.89 |        58.25       63.89       79.46     17.58 |    6.084
    16   1048576 |    322004.81   337337.17   349523.88      3.26 |     55777.06    72295.35    97223.75     18.80 |    5.773
    31        64 |        33.33       37.83       44.14      1.92 |        32.66       35.89       61.40      1.96 |    1.020
    31     16384 |      5256.15     5306.69     5350.05      3.12 |       916.91      958.69     1078.40     17.87 |    5.732
    32        64 |         6.83        7.18        8.57      9.37 |         7.32        7.76       11.02      8.75 |    0.934
    32     16384 |      1359.78     1374.48     1490.36     12.05 |      1365.69     1374.93     1400.13     12.00 |    0.996
   422      1024 |        77.47       91.17      101.90     13.22 |        80.10       95.49      156.07     12.78 |    0.967
   422   1048576 |     57604.31    78589.98   108223.25     18.20 |     59729.56    77669.33   124572.94     17.56 |    0.964
  3453   1048576 |     68276.00   100636.73   133511.31     15.36 |     69457.56    77991.97   101293.88     15.10 |    0.983
 90828   1048576 |     69183.75    88538.17   111164.50     15.16 |     70788.44    89762.04   131213.25     14.81 |    0.977
